﻿phrase,phraseID,enter_log,enter_alllog,keystroke,TIME,CPM,VowelCnt,ConsCnt,TER,DeleteCnt,AveSpeed,AveRotationWhile
りしゅうとうろく,37,らこよりしゅうとうろく,ら行らか行こや行よら行りさ行しま行ゆあ行うた行とあ行うら行ろか行く,11,0m29.41s,16.320979258755525,12,13,0.2727272727272727,4.0,[-0.24262723326683044, -0.11909161508083344, -0.41510891914367676, 0.3418377935886383, 0.6747951507568359, -0.5542720556259155, 0.6101285815238953, 0.5051881670951843, 0.7664625644683838, -0.557252049446106, -0.5365559458732605],[75.0, 120.0, 285.0, 230.0, 195.0, 395.0, 200.0, 150.0, 195.0, 115.0, 220.0]
あしたはかいぎ,0,あたあしたはかかいかいぎ,あ行あた行たあ行ああ行か行さ行した行たは行はか行かか行かあ行いあ行か行か行かあ行あ行いか行き,12,0m33.61s,12.49628086878905,24,31,0.4166666666666667,10.0,[0.42317643761634827, 0.8640516400337219, 0.7428496479988098, 0.9925824999809265, 0.531969428062439, 0.724000871181488, 0.5038221478462219, 0.714791476726532, 0.4924828112125397, 1.15409255027771, 0.6454965472221375, 0.6690152883529663],[45.0, 140.0, 25.0, 550.0, 150.0, 210.0, 90.0, 55.0, 115.0, 470.0, 310.0, 135.0]
どうもありがとう,12,とどうもありさかかがとう,た行とわ行わあ行うま行もあ行あら行りさ行さか行かか行かか行かた行とあ行う,12,0m30.54s,15.717092337917485,36,45,0.3333333333333333,4.0,[0.2973538339138031, 0.258261501789093, 0.435158371925354, -0.6695953011512756, 0.4286987781524658, 0.10140245407819748, 0.6041259169578552, 0.8969287872314453, 1.5286239385604858, 0.7171918153762817, 0.19166363775730133, 0.6317524313926697],[150.0, 50.0, 215.0, 195.0, 50.0, 185.0, 95.0, 65.0, 105.0, 250.0, 140.0, 185.0]
へんしんする,53,ぼへんしんする,は行ほは行へわ行んさ行しわ行んさ行すら行る,7,0m19.22s,18.730489073881376,43,53,0.14285714285714285,1.0,[0.2600793242454529, 0.22093726694583893, -0.40083637833595276, 0.44889265298843384, -0.4268471300601959, 0.689939558506012, -0.9659987092018127],[235.0, 400.0, 80.0, 165.0, 80.0, 255.0, 265.0]
きをつけてね,29,きをつけてははぬね,か行きをた行つか行けた行ては行はか行は行はな行ぬは行ね,9,0m30.40s,11.842105263157896,54,62,0.3333333333333333,5.0,[0.7988911271095276, -0.6610900163650513, 0.7325591444969177, 0.785200834274292, -0.020641136914491653, 0.9852384924888611, 0.9376895427703857, 0.7666085958480835, 0.705030083656311],[165.0, 220.0, 315.0, 290.0, 210.0, 205.0, 435.0, 400.0, 655.0]
ごめんなさい,14,ごめんんなさおわうい,か行こわ行は行ま行めら行わ行んわ行んな行なさ行さあ行おわ行わあ行うあ行い,10,0m28.86s,12.474012474012474,64,76,0.4,7.0,[0.24689266085624695, -0.6691685914993286, -0.38907384872436523, 0.13528838753700256, 0.7400276064872742, 0.4869970679283142, -0.014892778359353542, 0.2831968069076538, 0.9012552499771118, 0.5752489566802979],[75.0, 465.0, 170.0, 180.0, 185.0, 120.0, 35.0, 100.0, 270.0, 190.0]
おなかすいた,18,おなかすかいなた,あ行おな行なか行かさ行すか行かあ行いな行な行な行なた行た行た,8,0m23.56s,15.280135823429541,72,87,0.25,5.0,[0.08643973618745804, 0.5792308449745178, 0.4183008074760437, 0.7905819416046143, 0.5321819186210632, 0.8625028133392334, 0.7562957406044006, 0.5667929649353027],[50.0, 180.0, 95.0, 250.0, 40.0, 190.0, 535.0, 380.0]
らくたんしてた,31,らくたんしてた,ら行らか行くさ行た行たわ行んさ行した行てた行た,7,0m16.99s,24.720423778693352,79,95,0.0,1.0,[-0.15445734560489655, 0.5905319452285767, 0.7456820011138916, -0.5935590863227844, 0.725017786026001, -0.08471176773309708, 0.6314062476158142],[110.0, 240.0, 285.0, 90.0, 170.0, 235.0, 120.0]
てんきわるい,15,なきあななてんかきわるい,な行なさ行か行きあ行あな行なか行な行なた行てら行わ行んか行かさ行か行きら行わら行るあ行い,12,0m34.41s,10.462074978204011,92,111,0.5,11.0,[0.7267146110534668, 0.9646573662757874, 1.357439398765564, 0.8632765412330627, 0.930587887763977, 0.027407364919781685, -0.3552217483520508, 0.3382830321788788, 0.7882421016693115, -0.10792709141969681, -0.904950737953186, 0.7044918537139893],[145.0, 300.0, 145.0, 295.0, 380.0, 260.0, 175.0, 40.0, 330.0, 135.0, 270.0, 135.0]
すいどうだい,6,すいどうだい,さ行すあ行いた行とあ行うた行たあ行い,6,0m16.14s,22.304832713754646,98,119,0.0,0.0,[-0.5648624897003174, 0.7588293552398682, 0.41008254885673523, 0.43463999032974243, 0.634872317314148, 0.42961108684539795],[280.0, 120.0, 115.0, 210.0, 145.0, 160.0]
ひるねをする,36,ひるぬなああねをする,は行ひら行るな行な行なあ行ああ行ああ行な行ねわ行をすら行る,10,0m30.60s,11.76470588235294,108,130,0.4,5.0,[0.6819122433662415, -0.753064751625061, -0.01762835495173931, 0.7674757838249207, 1.3711308240890503, 1.4332393407821655, 0.4683036208152771, -0.8252459168434143, 0.6155887246131897, 0.7164739370346069],[280.0, 260.0, 370.0, 15.0, 35.0, 180.0, 645.0, 195.0, 255.0, 440.0]
そつぎょうする,33,そつぎょうする,さ行そた行つか行きや行よあ行うさ行すや行や行ら行る,7,0m25.14s,16.706443914081145,115,141,0.0,2.0,[0.2201087772846222, -0.3550299406051636, 0.4890672564506531, -0.63213050365448, 0.6485563516616821, 0.7543217539787292, -0.14205148816108704],[95.0, 285.0, 160.0, 155.0, 195.0, 255.0, 665.0]
けんきゅうしつ,34,けんきゅうしつ,か行けわ行んさ行あ行きや行ゆあ行あ行うさ行した行つ,7,0m22.74s,18.469656992084435,123,151,0.0,3.0,[-0.21075855195522308, -0.4411662817001343, -0.097342848777771, -0.8769171833992004, 0.8450675010681152, 0.6117165684700012, 0.8632404804229736],[165.0, 85.0, 510.0, 250.0, 515.0, 215.0, 315.0]
れんしゅうする,5,れんしゅうする,ら行れわ行んた行さ行しま行や行ゆわ行あ行あ行うさ行さ行すら行る,7,0m28.67s,14.649459365190092,130,164,0.0,5.0,[-0.7185329794883728, -0.6595584750175476, 0.6660267114639282, -0.05137639865279198, -0.48852866888046265, 0.7427650094032288, -0.9741771221160889],[175.0, 85.0, 340.0, 425.0, 355.0, 580.0, 295.0]
おつかれさま,21,ぉこおつかれさま,あ行おか行こあ行おた行つか行かれか行さ行さは行ま行ま,8,0m22.45s,16.035634743875278,139,174,0.25,4.0,[0.39250242710113525, 0.25303617119789124, 0.23363950848579407, -0.38798418641090393, 0.3075307011604309, -0.4895728826522827, 0.5181176662445068, -0.6300825476646423],[30.0, 110.0, 100.0, 310.0, 80.0, 175.0, 255.0, 360.0]
