﻿phrase,phraseID,enter_log,enter_alllog,keystroke,TIME,CPM,VowelCnt,ConsCnt,TER,DeleteCnt,AveSpeed,AveRotationWhile
すいみんをとる,19,,,0,13m49.44s,0.5063657407407407,0,0,inf,0.0,[],[]
ゆめをみる,51,さゆめをみる,さ行さや行ゆま行わ行わ行をま行みあ行ら行る,6,0m26.53s,11.307953260459856,5,9,0.16666666666666666,3.0,[0.6384201645851135, -0.779228150844574, -0.8481587171554565, -0.36350923776626587, -0.19217966496944427, -0.8667008280754089],[108.0, 261.0, 225.0, 396.0, 252.0, 279.0]
すいどうだい,6,すいどうだい,さ行すあ行いた行とあ行うな行た行たあ行あ行い,6,0m20.63s,17.4503150751333,11,19,0.0,2.0,[-0.457058310508728, 0.687886118888855, 0.5276051163673401, 0.9476879239082336, 0.735812783241272, 0.6886909604072571],[270.0, 114.0, 141.0, 174.0, 330.0, 360.0]
おつかれさま,21,おつかれさま,あ行おた行た行つか行から行れさ行さま行ま,6,0m18.70s,19.251336898395724,17,26,0.0,1.0,[-0.04488442838191986, 0.9062570929527283, 0.35139361023902893, -0.7968688607215881, 0.5678033232688904, -0.5873596668243408],[42.0, 672.0, 60.0, 183.0, 99.0, 168.0]
あしたはかいぎ,0,あしたはかいぎ,あ行あさ行した行たは行はか行かあ行いか行き,7,0m15.0s,28.0,24,34,0.0,0.0,[0.5860523581504822, 0.7577927112579346, 0.7073695659637451, 0.7460734248161316, 0.5096144676208496, 0.6878636479377747, 0.5459458827972412],[39.0, 180.0, 129.0, 207.0, 84.0, 114.0, 150.0]
ごごきゅうこう,2,ごごあきゅうこう,か行こか行こあ行あか行きや行ゆあ行うか行こあ行う,8,0m21.7s,19.933554817275745,32,45,0.125,1.0,[0.06616977602243423, -0.02367851696908474, 0.2984903156757355, 0.6897444725036621, -0.9057016372680664, 0.720369279384613, 0.16292443871498108, 1.0255489349365234],[84.0, 99.0, 87.0, 201.0, 264.0, 198.0, 81.0, 159.0]
りんじんとらぶる,39,りんたじんんたとらぶる,ら行りわ行んさ行た行たさ行しわ行んわ行んた行たあ行た行とら行らは行ふら行る,11,0m38.29s,12.535910159310525,43,60,0.2727272727272727,5.0,[0.11309207230806351, -0.5578151941299438, 0.7802144885063171, 0.8795554637908936, -0.4906359016895294, 0.02190183848142624, 0.6182805299758911, 0.6465126276016235, -0.20632702112197876, 0.775341272354126, -0.7795342206954956],[156.0, 78.0, 333.0, 360.0, 108.0, 147.0, 111.0, 378.0, 93.0, 366.0, 234.0]
あしたよていある,42,あしたよていある,あ行あさ行しな行た行や行よな行た行てあ行いあ行あら行る,8,0m23.17s,20.71644367716875,50,71,0.0,2.0,[0.5811659693717957, 0.9527676701545715, 0.6532741785049438, -0.7002676725387573, 0.8899890184402466, 0.7762419581413269, 0.5564267039299011, -0.8227763175964355],[33.0, 162.0, 306.0, 141.0, 567.0, 93.0, 48.0, 243.0]
りしゅうとうろく,37,りしゆゅうとうろく,ら行りさ行しや行ゆあ行うた行とあ行うら行ろか行く,9,0m23.65s,20.29598308668076,59,82,0.1111111111111111,1.0,[0.1522822380065918, 0.8068532347679138, -0.8417947888374329, -0.04682844504714012, 0.7062848806381226, 0.5339301824569702, -1.0593849420547485, -0.6606500148773193, 0.8549638986587524],[186.0, 180.0, 261.0, 0.0, 219.0, 129.0, 207.0, 96.0, 201.0]
そつぎょうする,33,そつぎょうする,さ行そた行た行つか行きや行よあ行うさ行すら行る,7,0m23.4s,18.229166666666668,66,92,0.0,1.0,[0.4737829566001892, 0.2256288230419159, 0.7381397485733032, -0.7629846334457397, 0.8913276195526123, 0.9704126715660095, 0.3393000662326813],[96.0, 714.0, 147.0, 171.0, 198.0, 240.0, 261.0]
ていしゅつきげん,8,ていしゅつきげん,た行てあ行いさ行しや行ゆな行た行つか行きか行けわ行ん,8,0m25.19s,19.055180627233028,74,103,0.0,1.0,[0.05554915592074394, 0.817508339881897, 0.7963539361953735, -1.1537895202636719, 0.8156970739364624, 0.8955987095832825, -0.46296921372413635, -0.5423162579536438],[204.0, 117.0, 198.0, 243.0, 501.0, 144.0, 144.0, 105.0]
ひるねをする,36,はひるねをする,は行はは行ひら行るは行な行ねわ行をさ行さ行すら行る,7,0m28.44s,12.658227848101266,81,112,0.14285714285714285,3.0,[0.837252140045166, 0.7853374481201172, 0.2643570899963379, 0.37145572900772095, 0.6124083995819092, 0.7825137376785278, -0.7089341878890991],[249.0, 351.0, 435.0, 492.0, 228.0, 603.0, 225.0]
しめきりがちかい,1,しめきりがちかい,さ行しま行めか行きら行ら行りか行かた行ちか行かあ行い,8,0m23.32s,20.58319039451115,89,122,0.0,1.0,[0.6749552488327026, -1.0411019325256348, 0.5952179431915283, 0.07837527990341187, 0.4187619686126709, 0.6698064208030701, 0.5302934050559998, 0.8520665168762207],[195.0, 231.0, 162.0, 336.0, 81.0, 228.0, 78.0, 132.0]
ききかんをもつ,26,ききかんをもつ,か行きか行きか行かわ行んわ行をま行もた行つ,7,0m14.86s,28.263795423956935,96,129,0.0,0.0,[0.7476446628570557, 0.8587477803230286, 0.5697296857833862, -0.5154517889022827, -0.8109623789787292, -0.7732515931129456, 0.8124980330467224],[153.0, 183.0, 90.0, 90.0, 201.0, 180.0, 303.0]
たんいをとる,32,たんいをちとる,た行たわ行んあ行いわ行をた行あ行な行た行とら行る,7,0m22.14s,16.260162601626018,102,139,0.14285714285714285,3.0,[0.527827262878418, -0.5265353322029114, 0.7531585693359375, -0.9515809416770935, -0.7396643161773682, 0.5723147988319397, 0.8150600790977478],[132.0, 78.0, 126.0, 192.0, 255.0, 477.0, 456.0]
