﻿phrase,phraseID,enter_log,enter_alllog,keystroke,TIME,CPM,VowelCnt,ConsCnt,TER,DeleteCnt,AveSpeed,AveRotationWhile
いまどこにいる,24,いまなどごにこにいる,あ行いま行まな行なあ行た行とか行こな行にあ行か行こな行にあ行いら行る,10,0m34.43s,12.198663955852455,10,14,0.3,5.0,[0.6390160918235779, -0.750106692314148, 0.9519119262695312, 0.593015193939209, 0.6986626386642456, 0.7273712158203125, 1.1475818157196045, 1.0242059230804443, 0.9766252040863037, 0.42027541995048523],[114.0, 171.0, 129.0, 174.0, 402.0, 252.0, 432.0, 225.0, 111.0, 270.0]
やちんをはらう,38,ろやちんわをぬをはらう,ら行ろや行やた行ちわ行んわ行わあ行わ行をな行ぬま行わ行をは行はや行ら行らあ行う,11,0m34.15s,12.298682284040996,21,28,0.36363636363636365,7.0,[-1.1430896520614624, -0.800657331943512, 1.0601961612701416, -1.021256685256958, 0.470041960477829, 0.45259371399879456, 1.2722952365875244, 0.8769292831420898, 1.1597715616226196, -0.5941553115844727, 0.8413580656051636],[99.0, 141.0, 219.0, 90.0, 165.0, 261.0, 159.0, 621.0, 192.0, 204.0, 183.0]
いんたらくしょん,4,いんたらきくしょおん,あ行いわ行んた行たら行らか行きあ行か行くさ行しや行よあ行おわ行わ行ん,10,0m25.92s,18.518518518518515,31,41,0.2,4.0,[1.0554499626159668, -1.417728066444397, 1.5027673244476318, -0.7614314556121826, 1.0866590738296509, 0.7978678941726685, 0.7097059488296509, -0.6738145351409912, -0.37092477083206177, -0.43543046712875366],[111.0, 90.0, 141.0, 81.0, 174.0, 324.0, 189.0, 144.0, 81.0, 96.0]
たんいをとる,32,さたんいわをとる,さ行さた行たわ行んあ行いわ行わあ行わ行をた行とら行る,8,0m22.34s,16.11459265890779,39,50,0.25,3.0,[1.1227456331253052, 0.9605420827865601, -0.7109723091125488, 0.5269566178321838, -0.027655351907014847, 0.31113627552986145, 0.7273529767990112, 0.3105974793434143],[90.0, 117.0, 78.0, 114.0, 87.0, 222.0, 132.0, 249.0]
きどくがつく,25,さきどきくががつく,さ行さか行か行きた行とか行きあ行か行くか行かか行かた行つか行く,9,0m27.19s,13.240161824200074,48,64,0.3333333333333333,5.0,[0.8850910067558289, 0.9788927435874939, 0.616544246673584, 0.6543887257575989, 0.8008071780204773, 0.7409462928771973, 0.5588822960853577, 0.742743968963623, 0.8067969083786011],[69.0, 408.0, 132.0, 195.0, 366.0, 75.0, 315.0, 303.0, 231.0]
おつかれさま,21,おつかれさま,あ行おた行つか行から行れさ行さや行ま行ま,6,0m16.17s,22.263450834879404,54,71,0.0,1.0,[-0.21353545784950256, 0.8909966945648193, 1.0820732116699219, -1.0037832260131836, 1.0508875846862793, 0.33316799998283386],[84.0, 270.0, 63.0, 195.0, 90.0, 399.0]
つうわをする,28,つうわをしする,た行つあ行うわ行わわ行をさ行しあ行さ行すら行る,7,0m19.97s,18.027040560841264,61,79,0.14285714285714285,2.0,[0.8481835126876831, 1.0251401662826538, -0.28446829319000244, 0.3462521731853485, 0.6763959527015686, 0.7788280248641968, 0.2594241499900818],[282.0, 213.0, 57.0, 225.0, 216.0, 369.0, 270.0]
りんじんとらぶる,39,りんじんとわらぶある,ら行りわ行んさ行しわ行んた行とわ行わあ行ら行らは行ふら行あ行あら行る,10,0m31.85s,15.070643642072213,71,93,0.2,4.0,[0.020307360216975212, -0.9041421413421631, 0.8707653880119324, -0.840070903301239, 0.8173902630805969, -0.8112955093383789, -0.22601407766342163, 1.0241353511810303, 0.09954898804426193, -0.9702697396278381],[180.0, 81.0, 186.0, 102.0, 123.0, 54.0, 114.0, 360.0, 330.0, 255.0]
そうじとうばん,10,ちそうじじとうばん,た行ちさ行そあ行うさ行しさ行した行とあ行うは行はわ行ん,9,0m23.74s,17.69165964616681,80,105,0.2222222222222222,2.0,[0.5044284462928772, 0.5369842648506165, 0.7189221978187561, 0.882980465888977, 0.7016758322715759, 0.3165649175643921, 0.9808669686317444, 1.257947325706482, -0.8103121519088745],[123.0, 87.0, 213.0, 180.0, 219.0, 165.0, 210.0, 207.0, 99.0]
ひるねをする,36,ひるねをする,は行ひら行るな行ねわ行をさ行すら行る,6,0m18.68s,19.271948608137045,86,111,0.0,0.0,[-0.3702804148197174, 0.4266471862792969, 0.909345805644989, 0.43650108575820923, 0.9196028709411621, 0.3829687237739563],[285.0, 258.0, 387.0, 192.0, 243.0, 246.0]
かぜをひいた,23,かぜをひいた,か行かさ行せわ行をは行ひあ行いた行た,6,0m14.81s,24.307900067521942,92,118,0.0,0.0,[0.42800334095954895, -0.00063647999195382, -0.9930307269096375, 0.8469762206077576, 1.0786298513412476, 0.7964997887611389],[195.0, 177.0, 216.0, 270.0, 117.0, 129.0]
あしたはかいぎ,0,ぃあしたはかいきぁぎ,あ行いあ行あ行あさ行した行たは行はか行かあ行いか行きあ行ああ行ああ行,10,0m25.64s,16.380655226209047,102,133,0.3,5.0,[1.0394560098648071, 0.3299364149570465, 1.0198359489440918, 0.8744542002677917, 0.7407786846160889, 0.556689441204071, 0.7475345730781555, 0.6500431299209595, 0.5224134922027588, 0.5450512170791626],[93.0, 282.0, 171.0, 105.0, 177.0, 72.0, 132.0, 150.0, 24.0, 9.0]
すまほわすれた,50,しのすあまほわすれた,さ行しな行のさ行すあ行あま行まは行ほわ行わた行さ行すら行れた行た,10,0m26.23s,16.01219977125429,112,144,0.3,4.0,[0.699332058429718, 0.13309670984745026, 1.0377991199493408, 0.35746103525161743, -0.6737998127937317, -0.8628802299499512, -0.05321695655584335, 0.903139591217041, -0.8248599171638489, 0.7883353233337402],[351.0, 21.0, 291.0, 3.0, 159.0, 276.0, 84.0, 369.0, 180.0, 138.0]
ぽいんとをためる,40,にふあなふぼふぽいんいんとをだあめをためる,な行には行ふあ行あな行なは行ふた行は行ほわ行は行ふは行ほあ行いわ行んあ行いわ行んた行とわ行をた行たあ行あま行めら行な行わ行をた行たま行めら行ら行る,21,1m20.23s,5.982799451576717,133,178,0.6190476190476191,17.0,[0.7106554508209229, 0.6862031817436218, 1.0397628545761108, 0.9281527400016785, 1.2517410516738892, 0.1608233004808426, 0.08751539885997772, 0.6033591032028198, 0.37629708647727966, -1.060795545578003, 1.078067660331726, -0.9398435950279236, 0.527052640914917, -0.9897962808609009, 1.0375486612319946, 0.15328733623027802, -1.2451086044311523, 0.5536940693855286, 0.8729662299156189, -1.4253331422805786, 0.23367241024971008],[135.0, 180.0, 33.0, 306.0, 384.0, 477.0, 333.0, 186.0, 174.0, 93.0, 333.0, 102.0, 150.0, 213.0, 135.0, 78.0, 237.0, 786.0, 120.0, 255.0, 486.0]
ぬれたしゃつ,52,たかはなぬれたしゃゃよゃつ,た行たか行かは行はか行な行なな行ぬら行れた行たさ行しや行ら行や行やや行やや行よや行やた行つ,13,0m44.29s,8.128245653646422,146,197,0.5384615384615384,10.0,[1.6223450899124146, 1.6998834609985352, 1.2846020460128784, 1.10867440700531, -0.069804348051548, -1.1549016237258911, 1.0876930952072144, 1.1772913932800293, -0.6219897270202637, 0.2621353268623352, -0.25818386673927307, -0.31783637404441833, 0.5245840549468994],[117.0, 45.0, 282.0, 375.0, 342.0, 195.0, 123.0, 165.0, 402.0, 294.0, 312.0, 156.0, 303.0]
