﻿phrase,phraseID,enter_log,enter_alllog,keystroke,TIME,CPM,VowelCnt,ConsCnt,TER,DeleteCnt,AveSpeed,AveRotationWhile
あしたはかいぎ,0,あしたはかいぎ,あ行あさ行した行たは行はか行かあ行いか行き,7,0m14.41s,29.14642609299098,7,8,0.0,0.0,[0.3260030448436737, 0.7912954092025757, 0.580923855304718, 0.5757526159286499, 0.5417529344558716, 0.5097357630729675, 0.6038872003555298],[24.0, 184.0, 156.0, 236.0, 104.0, 124.0, 152.0]
てんきわるい,15,でてんきわるい,た行てあ行た行てわ行んか行きわ行わら行るか行あ行い,7,0m18.11s,19.87852015461071,14,18,0.14285714285714285,3.0,[0.007576252333819866, 0.18262003362178802, -0.6998249888420105, 0.8869149684906006, 0.0017237226711586118, 0.2609180510044098, 0.7335863709449768],[216.0, 316.0, 92.0, 152.0, 120.0, 280.0, 156.0]
がぞうをほぞん,43,がぞうをほぞん,か行かさ行そあ行うわ行をは行ほさ行そわ行ん,7,0m18.16s,23.127753303964756,21,28,0.0,0.0,[0.6544514298439026, 0.3144010603427887, 0.5646616220474243, 0.2559530436992645, -0.7749971151351929, 0.25767695903778076, -0.5440759062767029],[56.0, 100.0, 212.0, 184.0, 224.0, 92.0, 68.0]
おつかれさま,21,おつかれさやもま,あ行おな行た行つか行から行れさ行さや行やま行もま行ま,8,0m21.37s,16.84604585868039,29,37,0.25,3.0,[-0.20504803955554962, 0.6385313272476196, 0.4848783314228058, -0.9613706469535828, 0.7560935616493225, -0.5443644523620605, -0.738076388835907, -0.4286567270755768],[40.0, 496.0, 88.0, 184.0, 112.0, 128.0, 224.0, 172.0]
りんじんとらぶる,39,りんじんとわらぬなぶる,りら行わ行んさ行しわ行んた行とわ行わら行らぬなま行は行ふら行る,11,0m29.25s,16.410256410256412,43,49,0.2727272727272727,5.0,[0.13482758402824402, -0.5100584626197815, 0.8363199234008789, -0.48859646916389465, 0.6269403100013733, -0.5543362498283386, -0.2585427761077881, 0.4938778579235077, 0.2807490825653076, 0.8374688029289246, 0.2556398808956146],[172.0, 148.0, 160.0, 76.0, 124.0, 64.0, 76.0, 156.0, 4.0, 632.0, 280.0]
ことしきせいする,11,ことしきせいする,か行こた行とさ行しか行きさ行せあ行いさ行すら行る,8,0m17.34s,27.68166089965398,51,57,0.0,0.0,[0.05816836282610893, 0.7232056856155396, 0.9631628394126892, 0.7601558566093445, 0.04552512988448143, 0.6657101511955261, 0.6479578018188477, 0.42436692118644714],[128.0, 120.0, 196.0, 160.0, 192.0, 120.0, 336.0, 264.0]
そうじとうばん,10,そうじとうばん,さ行そあ行うさ行した行とあ行うは行はわ行ん,7,0m14.34s,29.288702928870293,58,66,0.0,0.0,[0.47423553466796875, 0.9331618547439575, 1.0474165678024292, 0.3727176785469055, 0.9173035025596619, 0.8399586081504822, -0.7538509368896484],[96.0, 184.0, 160.0, 148.0, 196.0, 212.0, 120.0]
かぜをひいた,23,かぜんをひいた,か行かさ行せわ行んら行わ行をは行ひあ行いた行た,7,0m17.34s,20.761245674740486,65,75,0.14285714285714285,2.0,[0.6590386629104614, 0.8013890385627747, -0.3950825333595276, 0.01792009174823761, 0.7219033241271973, 0.7612555623054504, 0.6831920146942139],[76.0, 320.0, 88.0, 412.0, 292.0, 128.0, 136.0]
しめきりがちかい,1,しやめきりがちかい,さ行しや行やま行めか行きや行ら行りか行かた行ちか行かあ行い,9,0m22.77s,21.080368906455863,74,86,0.1111111111111111,2.0,[0.6286983489990234, -0.815517783164978, -0.8466759324073792, 0.7825887203216553, -0.2433238923549652, 0.6197757720947266, 0.6119510531425476, 0.5434210300445557, 0.7323113083839417],[196.0, 128.0, 244.0, 148.0, 332.0, 100.0, 252.0, 96.0, 116.0]
じゅうでんきどこ,48,じやゅうでんきよはどこ,さ行しや行やや行ゆあ行うた行てわ行んか行きや行よは行はさ行な行た行とか行こ,11,0m34.49s,13.917077413743112,85,103,0.2727272727272727,4.0,[0.8839794993400574, -0.38963770866394043, 0.1144377812743187, 0.6534020304679871, -0.04063050076365471, -0.8619435429573059, 0.7072648406028748, -0.8798149824142456, 0.8758098483085632, 0.6129342913627625, -0.07704342901706696],[140.0, 188.0, 276.0, 192.0, 220.0, 128.0, 156.0, 116.0, 292.0, 420.0, 100.0]
きょうははれ,16,きょうぬははれ,か行きや行よあ行うな行は行はは行はら行れ,7,0m16.46s,21.871202916160385,91,112,0.14285714285714285,1.0,[0.6655324697494507, -0.686830461025238, 0.7033393979072571, 0.889555037021637, 0.7220384478569031, 0.7850233912467957, -0.8675526976585388],[128.0, 148.0, 200.0, 140.0, 208.0, 212.0, 192.0]
ゆめをみる,51,ゆめをみる,や行ゆま行めわ行をま行みら行る,5,0m14.89s,20.147750167897918,96,117,0.0,0.0,[0.08303839713335037, -1.040826678276062, 0.47438251972198486, -0.1957128643989563, 0.4046623706817627],[264.0, 228.0, 184.0, 256.0, 224.0]
れんしゅうする,5,れんしゅうする,ら行れわ行んさ行しや行ゆあ行うさ行すら行る,7,0m15.64s,26.854219948849106,103,125,0.0,0.0,[-1.0526257753372192, -0.6829685568809509, 1.0173543691635132, 0.05002406984567642, 0.8116128444671631, 0.9990409016609192, 0.31140244007110596],[176.0, 84.0, 172.0, 276.0, 200.0, 256.0, 256.0]
おなかすいた,18,おなかすかいた,あ行おな行なか行かさ行すか行かか行か行あ行いた行た,7,0m16.96s,21.22641509433962,110,134,0.14285714285714285,3.0,[-0.05500481650233269, 0.721248984336853, 0.5282347202301025, 0.8116136193275452, 1.2166448831558228, 1.0622596740722656, 0.5073915123939514],[92.0, 160.0, 48.0, 248.0, 64.0, 480.0, 128.0]
こうぎのめも,45,こうぎのめも,か行こあ行うか行きや行な行のま行めや行ま行も,6,0m19.15s,18.798955613577025,116,143,0.0,2.0,[0.206851065158844, 0.902703046798706, 0.8050829768180847, 0.05503291264176369, -1.077669382095337, -0.6748331189155579],[72.0, 152.0, 148.0, 524.0, 236.0, 292.0]
