﻿phrase,phraseID,enter_log,enter_alllog,keystroke,TIME,CPM,VowelCnt,ConsCnt,TER,DeleteCnt,AveSpeed,AveRotationWhile
じゅうでんきどこ,48,じゅうでんきどこ,さ行しや行ゆあ行は行た行てわ行んか行きた行とか行こ,8,0m27.97s,17.16124419020379,7,14,0.0,1.0,[0.6458490490913391, 0.22356919944286346, 0.7864755392074585, 0.1289403736591339, -1.089891791343689, 1.0561915636062622, 0.6347072124481201, -0.13008302450180054],[164.0, 272.0, 164.0, 340.0, 108.0, 140.0, 144.0, 80.0]
ふみんふきゅう,9,ふみんふきゅう,は行ふま行みわ行んま行は行は行ふか行きや行や行ゆあ行う,7,0m36.22s,11.595803423522915,14,25,0.0,3.0,[1.2945449352264404, -0.14490459859371185, -0.8346232175827026, 1.073131799697876, 1.0522680282592773, 0.2113022804260254, 0.8474811911582947],[372.0, 224.0, 84.0, 1056.0, 144.0, 500.0, 196.0]
がぞうをほぞん,43,がぞうをむほぞん,か行かさ行そあ行うわ行をむは行ほさ行そら行わ行ん,8,0m26.83s,15.654118524040253,23,36,0.125,2.0,[0.6643092036247253, 0.15829338133335114, 0.669011652469635, 0.5189353823661804, -0.7654902338981628, 0.9807400703430176, 0.5043869614601135, -0.5981356501579285],[68.0, 124.0, 160.0, 216.0, 160.0, 264.0, 80.0, 148.0]
おひさしぶり,20,おひさしほにぶり,あ行おは行ひさ行ささ行しは行ほさ行な行には行ふら行り,8,0m27.1s,13.328396890040723,31,46,0.25,3.0,[-0.19299499690532684, 1.2197253704071045, 0.8966334462165833, 1.0527145862579346, 0.49752166867256165, 0.9362613558769226, 1.058395504951477, 0.34618788957595825],[16.0, 268.0, 84.0, 180.0, 244.0, 436.0, 428.0, 200.0]
まうすでそうさ,49,まうすでそうさ,ま行まか行あ行うさ行さ行すた行てさ行そあ行うさ行さ,7,0m22.87s,18.364669873196323,38,56,0.0,2.0,[-0.7072882652282715, 1.0031838417053223, 1.3917306661605835, 0.14289116859436035, 0.2730425298213959, 1.0627360343933105, 0.9487707018852234],[160.0, 320.0, 612.0, 232.0, 112.0, 168.0, 84.0]
つうわをする,28,つうわをする,た行つあ行うら行わ行わか行わ行をさ行さ行すら行る,6,0m23.45s,15.351812366737741,44,65,0.0,3.0,[1.1637574434280396, 1.1038199663162231, -0.38026803731918335, 0.7277604341506958, 0.9670568108558655, 0.5390679240226746],[272.0, 188.0, 124.0, 244.0, 656.0, 260.0]
ていしゅつきげん,8,なていしゅつかきげん,な行なた行てあ行いさ行しや行ゆた行つか行かか行きか行けわ行ん,10,0m32.41s,14.81024375192842,54,77,0.2,1.0,[1.0472965240478516, 0.11065605282783508, 1.1333192586898804, 1.0959041118621826, 0.30269941687583923, 1.02951979637146, 0.8737002611160278, 1.0159791707992554, -0.368791788816452, -0.7863362431526184],[136.0, 188.0, 100.0, 180.0, 292.0, 292.0, 124.0, 196.0, 148.0, 80.0]
あしたはかいぎ,0,あしたはかいぎ,あ行あさ行しな行た行たは行はか行かあ行いか行き,7,0m18.4s,23.281596452328163,61,86,0.0,1.0,[0.6424666047096252, 0.7483101487159729, 0.7664495706558228, 1.1535979509353638, 0.672660768032074, 1.029974102973938, 0.8535855412483215],[64.0, 184.0, 276.0, 188.0, 68.0, 96.0, 136.0]
あしたよていある,42,あしたよていある,あ行あさ行した行たや行よた行てあ行いあ行あら行る,8,0m19.98s,24.024024024024023,69,94,0.0,0.0,[0.10389695316553116, 1.0401065349578857, 1.3122507333755493, -0.7032489776611328, 0.08844383805990219, 1.233148217201233, 1.0484497547149658, -0.6243411898612976],[24.0, 176.0, 120.0, 120.0, 216.0, 88.0, 20.0, 240.0]
きをつけてね,29,きをつけてね,か行きわ行をた行つか行けた行てな行ね,6,0m19.26s,18.69158878504673,75,100,0.0,0.0,[1.208021640777588, 0.7154561281204224, 1.0021990537643433, -0.6272203922271729, -0.03243263065814972, 1.0288904905319214],[132.0, 188.0, 284.0, 132.0, 212.0, 400.0]
ぽいんとをためる,40,まぽいんとをためれる,ま行まさ行は行ほあ行いわ行んた行とわ行をた行たま行めら行れら行る,10,0m34.15s,14.055636896046854,85,113,0.2,3.0,[0.9365566372871399, 0.7258440852165222, 0.37312760949134827, -1.159271240234375, 0.46408960223197937, 0.7771681547164917, 1.2288841009140015, -1.0727918148040771, -0.832734227180481, -0.751155436038971],[204.0, 436.0, 124.0, 68.0, 140.0, 196.0, 136.0, 240.0, 224.0, 264.0]
へんしんする,53,へんしんする,は行へら行わ行んさ行しわ行んさ行すら行る,6,0m17.23s,20.89378990133488,91,120,0.0,1.0,[0.16171464323997498, -0.5610783696174622, 1.0885001420974731, -0.971193790435791, 1.2735379934310913, -0.7510685324668884],[280.0, 136.0, 188.0, 72.0, 236.0, 244.0]
ひるめしたべた,35,ひれるめしたへた,は行ひら行ら行るま行めさ行した行たま行は行へた行た,8,0m32.20s,13.043478260869563,98,130,0.25,1.0,[0.9614514708518982, -0.698138952255249, -0.6549240946769714, -0.6538938283920288, 0.9658154845237732, 0.9712865948677063, 0.5456771850585938, 0.8828148245811462],[260.0, 84.0, 236.0, 228.0, 208.0, 124.0, 568.0, 120.0]
てんきわるい,15,てんきわるい,た行てわ行んか行きわ行わら行るあ行い,6,0m15.6s,23.904382470119522,104,136,0.0,0.0,[-0.109129898250103, -0.8725775480270386, 0.8443519473075867, -0.09929978102445602, -0.5686262249946594, 0.9081305861473083],[224.0, 80.0, 152.0, 64.0, 248.0, 120.0]
すまほわすれた,50,しすまほわせすれた,さ行しさ行すま行まま行は行ほわ行わさ行せさ行すら行れた行た,9,0m30.22s,13.898080741230975,113,146,0.2222222222222222,3.0,[0.9215395450592041, 0.9776374101638794, -0.6638519763946533, 0.8430266976356506, -0.30263638496398926, -0.30177173018455505, 1.0783512592315674, -1.0074728727340698, 1.0542383193969727],[208.0, 312.0, 168.0, 448.0, 52.0, 212.0, 260.0, 204.0, 152.0]
