﻿phrase,phraseID,enter_log,enter_alllog,keystroke,TIME,CPM,VowelCnt,ConsCnt,TER,DeleteCnt,AveSpeed,AveRotationWhile
りんじんとらぶる,39,りんちちじんとらぶる,ら行りわ行んた行ちた行ちさ行しわ行んた行とら行らは行ふら行る,10,0m16.28s,36.85503685503685,10,12,0.3333333333333333,2.0,[0.25227999687194824, -0.3942057192325592, 0.6479577422142029, 0.979503333568573, 0.9146261811256409, -0.5938306450843811, 0.2834877073764801, -0.21574003994464874, 0.8424670696258545, 0.3840200901031494],[175.0, 55.0, 180.0, 205.0, 195.0, 135.0, 175.0, 115.0, 380.0, 290.0]
どうもありがとう,12,どうもありかがとう,た行とあ行うま行もあ行あら行りか行かわ行わた行とあ行う,9,0m13.38s,40.35874439461883,19,23,0.2,1.0,[0.25427311658859253, 0.8720594048500061, -0.43495211005210876, 0.31253814697265625, 0.3044528365135193, 0.5354019403457642, -0.207641139626503, 0.4003462791442871, 1.188274621963501],[160.0, 200.0, 255.0, 45.0, 195.0, 105.0, 45.0, 135.0, 190.0]
ききかんをもつ,26,ききあかんをもぬつ,か行きか行きあ行あか行かわ行んわ行をま行もな行ぬた行つ,9,0m14.23s,37.947997189037245,28,32,0.36363636363636365,2.0,[0.8559521436691284, 0.8720263242721558, 0.7883174419403076, 0.7166374325752258, -0.7375432252883911, -0.8448380827903748, -0.40186870098114014, 0.9029365181922913, 1.0282567739486694],[165.0, 115.0, 45.0, 75.0, 95.0, 220.0, 265.0, 280.0, 280.0]
じゅうでんきどこ,48,じゅうでんきさどこ,さ行しや行ゆあ行うた行てわ行んか行きさ行さた行とか行こ,9,0m14.55s,37.113402061855666,37,45,0.2,1.0,[0.7912726402282715, 0.28089454770088196, 0.6313422322273254, 0.04783591255545616, -0.48555147647857666, 0.7383915185928345, 0.6776604652404785, 0.4207146465778351, -0.08378706127405167],[195.0, 300.0, 215.0, 230.0, 125.0, 180.0, 115.0, 120.0, 90.0]
すまほわすれた,50,すまほわすれた,さ行すま行まは行ほわ行わさ行すら行れた行た,7,0m10.90s,38.53211009174312,44,52,0.0,0.0,[0.9209380149841309, 0.6525954008102417, 0.35654598474502563, 0.1690315157175064, 0.7911427617073059, 0.6885091066360474, 0.7798783779144287],[255.0, 245.0, 215.0, 90.0, 265.0, 335.0, 160.0]
ていしゅつきげん,8,ていかしゅつきげん,た行てあ行いか行かさ行しや行ゆた行つか行きか行けわ行ん,9,0m14.45s,37.37024221453287,54,62,0.2,1.0,[0.04443668946623802, 0.8091899752616882, 0.6041396856307983, 0.8604169487953186, 0.40602564811706543, 0.7507479190826416, 0.8378740549087524, -0.30505186319351196, 0.6084489822387695],[215.0, 135.0, 90.0, 175.0, 270.0, 325.0, 175.0, 165.0, 365.0]
ひるめしたべた,35,ひるめしたべた,は行ひら行るま行めさ行した行たは行へた行た,7,0m10.78s,38.96103896103896,61,70,0.0,0.0,[1.179467797279358, 0.5083868503570557, -0.8743283748626709, 0.785323977470398, 0.7143475413322449, -0.7421483397483826, 0.5135704874992371],[275.0, 270.0, 265.0, 205.0, 150.0, 290.0, 190.0]
りしゅうとうろく,37,わわりしまゆゅきうときうやろさく,わ行わわ行わら行りさ行しま行まや行ゆあ行あか行きあ行うた行とか行きあ行うや行やら行ろさ行さか行く,16,0m29.17s,32.9105245114844,77,87,0.6666666666666666,8.0,[0.01578260399401188, 0.14779230952262878, 0.03137959912419319, 1.041124701499939, -0.5240837335586548, 0.2853783071041107, 0.031906645745038986, 0.2592751681804657, 1.5098663568496704, 0.47688791155815125, 1.0126011371612549, 1.110965371131897, -0.34762290120124817, -0.4288528859615326, 0.9326706528663635, 1.265633225440979],[180.0, 140.0, 165.0, 195.0, 150.0, 265.0, 10.0, 395.0, 170.0, 160.0, 180.0, 215.0, 135.0, 235.0, 135.0, 245.0]
かぜをひいた,23,かぜをひかいた,か行かさ行せわ行をは行ひか行かあ行いた行た,7,0m9.89s,42.46713852376138,84,95,0.25,1.0,[0.671593964099884, -0.004608530085533857, -0.8628175854682922, 0.9295639395713806, 0.7647824883460999, 0.8098121881484985, 0.7910171747207642],[85.0, 180.0, 240.0, 265.0, 95.0, 110.0, 145.0]
いまどこにいる,24,いまどこにいる,あ行いま行また行とか行こな行にあ行いら行る,7,0m11.6s,37.974683544303794,91,103,0.0,0.0,[0.8569933176040649, -0.37998059391975403, 0.3358253836631775, -0.011984318494796753, 0.8184834718704224, 0.5936602354049683, 0.4606264531612396],[90.0, 155.0, 165.0, 110.0, 250.0, 130.0, 230.0]
そうじとうばん,10,そうじとうなななばん,さ行そあ行うさ行した行とあ行うな行なな行なな行なは行はわ行ん,10,0m17.42s,34.44316877152698,101,115,0.46153846153846156,3.0,[0.2981105446815491, 0.908491313457489, 0.702211856842041, 0.0985054224729538, 0.8051587343215942, 0.646955668926239, 1.1185580492019653, 0.9481450915336609, 0.9462873935699463, -0.6616681218147278],[115.0, 195.0, 205.0, 160.0, 205.0, 185.0, 175.0, 170.0, 195.0, 110.0]
やさいをとる,7,やさいをへとる,や行やさ行さあ行いわ行をは行へた行とら行る,7,0m10.46s,40.152963671128106,108,122,0.25,1.0,[-0.2813244163990021, 0.5501155853271484, 0.7549785375595093, -0.9253113865852356, 0.18768644332885742, 0.3908793032169342, 0.3867703676223755],[150.0, 120.0, 135.0, 235.0, 255.0, 155.0, 280.0]
だいがくにいく,17,だいがくにいく,た行たあ行いか行かか行くな行にあ行いか行く,7,0m9.77s,42.988741044012286,115,131,0.0,0.0,[0.8554129600524902, 0.4194578528404236, 0.5080389976501465, 0.6237808465957642, 0.7060123085975647, 0.7363450527191162, 0.8240970969200134],[155.0, 145.0, 110.0, 260.0, 260.0, 130.0, 235.0]
てんきわるい,15,でらわ,た行てら行らわ行わあ行,3,0m7.35s,24.489795918367346,118,137,1.5,1.0,[-0.08361831307411194, -0.27432262897491455, -0.14118865132331848],[215.0, 130.0, 50.0]
りしゅうとうろく,37,りちしゅうとうろく,ら行りた行ちさ行しや行ゆあ行うた行とあ行うら行ろか行く,9,0m13.0s,41.53846153846154,9,10,0.2,1.0,[0.2927035391330719, 0.8085536360740662, 0.891740083694458, 0.29173916578292847, 0.7987798452377319, 0.31686246395111084, 0.9180178046226501, -0.5333497524261475, 0.8705843091011047],[195.0, 220.0, 175.0, 295.0, 235.0, 145.0, 230.0, 120.0, 260.0]
ろんぶんよむ,3,ろんぶんららよむ,ら行ろわ行んは行ふわ行んら行らら行らや行よま行む,8,0m15.12s,31.746031746031747,17,19,0.4,2.0,[-0.5548388957977295, -0.3712606132030487, 1.0067826509475708, -0.5755922794342041, -0.365818589925766, -0.20687922835350037, -0.8738651871681213, 1.1409008502960205],[110.0, 65.0, 365.0, 110.0, 105.0, 115.0, 155.0, 390.0]
ひるねをする,36,ひるねをする,は行ひら行るな行ねわ行をさ行すら行る,6,0m9.97s,36.10832497492477,23,25,0.0,0.0,[1.0094115734100342, 0.43258368968963623, 0.011210599914193153, -0.6905816197395325, 0.8989682793617249, 0.3880884051322937],[290.0, 260.0, 275.0, 215.0, 295.0, 270.0]
わかりました,13,わかりました,わ行わか行から行りま行まさ行した行た,6,0m7.19s,50.06954102920723,29,31,0.0,0.0,[0.029357288032770157, 0.5015348792076111, 0.22493216395378113, -0.21331804990768433, 0.7116525173187256, 0.5393007397651672],[95.0, 105.0, 185.0, 195.0, 205.0, 150.0]
ごめんなさい,14,ごめんなさい,か行こま行めわ行んな行なさ行さあ行い,6,0m7.65s,47.05882352941176,35,38,0.0,0.0,[-0.15661822259426117, -0.685804545879364, -0.44239529967308044, 0.5232828259468079, 0.43700072169303894, 0.7361155152320862],[85.0, 290.0, 85.0, 165.0, 100.0, 120.0]
すたんぷをつかう,41,すたんぷをつかう,さ行すた行たわ行んは行ふわ行をた行つか行かあ行う,8,0m12.20s,39.34426229508197,43,48,0.0,0.0,[0.8476155400276184, 0.4882565140724182, -0.3795291483402252, 0.7326163649559021, -0.6119343042373657, 0.6756114363670349, 0.44468963146209717, 0.7671748995780945],[260.0, 120.0, 80.0, 335.0, 240.0, 295.0, 65.0, 205.0]
きをつけてね,29,きをつけやてね,か行きわ行をた行つか行けや行やた行てな行ね,7,0m10.74s,39.10614525139665,50,55,0.25,1.0,[0.8653138875961304, -0.6680755019187927, 0.705816388130188, -0.3101319968700409, 0.47803252935409546, -0.04681694135069847, 0.09131734073162079],[150.0, 240.0, 295.0, 175.0, 95.0, 235.0, 225.0]
わかりました,13,わかりました,わ行わか行から行りま行まさ行した行た,6,0m7.14s,50.420168067226896,6,6,0.0,0.0,[-0.0039048714097589254, 0.45632269978523254, 0.17683210968971252, -0.3698585033416748, 0.7467025518417358, 0.6270081996917725],[60.0, 100.0, 190.0, 185.0, 200.0, 140.0]
きどくがつく,25,きどくぞがつさく,か行きた行とか行くさ行そか行かた行つさ行さか行く,8,0m13.54s,35.450516986706056,14,17,0.4,2.0,[0.7420356869697571, 0.24160364270210266, 0.6859443783760071, 0.11614940315485, 0.3981427848339081, 0.9191012382507324, 0.7866921424865723, 1.3395662307739258],[155.0, 290.0, 245.0, 125.0, 60.0, 310.0, 85.0, 225.0]
きょうははれ,16,きょうみははれ,か行きや行よあ行うま行みは行はは行はら行れ,7,0m11.73s,35.80562659846547,21,25,0.25,1.0,[1.0046197175979614, -0.7211388349533081, 0.7860938310623169, 1.0010986328125, 1.104513168334961, 1.0531038045883179, -0.4401611089706421],[150.0, 165.0, 230.0, 285.0, 195.0, 240.0, 305.0]
ぬれたしゃつ,52,ぬれたしゃつ,な行ぬら行れた行たさ行しや行やた行つ,6,0m9.34s,38.54389721627409,27,32,0.0,0.0,[1.3765923976898193, -0.8226907849311829, 0.7935914397239685, 0.8429673910140991, -0.2827463448047638, 0.9180641770362854],[315.0, 200.0, 165.0, 170.0, 155.0, 305.0]
だいがくにいく,17,だいかがくにいく,た行たあ行いか行かわ行わか行くな行にあ行いか行く,8,0m11.23s,42.742653606411395,8,10,0.2222222222222222,1.0,[0.9829162955284119, 0.6151454448699951, 0.6207953691482544, 0.17469936609268188, 1.0884252786636353, 1.0029126405715942, 0.8073217272758484, 1.1442331075668335],[145.0, 150.0, 100.0, 115.0, 260.0, 270.0, 145.0, 260.0]
そつぎょうする,33,そつぎょうする,さ行そた行つか行きや行よあ行うさ行すら行る,7,0m10.24s,41.015625,15,19,0.0,0.0,[0.40202459692955017, 1.1206594705581665, 1.0341179370880127, -0.5452588200569153, 0.7250308990478516, 1.2107908725738525, 0.7172164916992188],[115.0, 305.0, 160.0, 155.0, 210.0, 270.0, 275.0]
めんどくさい,22,めんどくざあさい,ま行めわ行んた行とか行くさ行さあ行さ行さあ行い,8,0m15.75s,30.476190476190474,22,33,0.4,2.0,[-0.9355947971343994, -0.7445115447044373, 0.5682235360145569, 0.9899716973304749, 0.5798667073249817, 0.033017680048942566, 0.6026585698127747, 0.6604745388031006],[220.0, 85.0, 150.0, 250.0, 110.0, 105.0, 110.0, 170.0]
ぽいんとをためる,40,ぼいんとちかたはよめわんる,は行ほあ行いわ行んた行とた行ちか行かた行たは行はや行よま行めわ行わわ行んら行る,13,0m24.42s,31.941031941031937,35,47,0.6842105263157895,6.0,[0.8845689296722412, 0.5231742262840271, -0.5850481986999512, 0.5767156481742859, 0.8938562273979187, -0.04580138623714447, 0.9299324750900269, -0.5176333785057068, -1.2471790313720703, -0.9772601127624512, -0.13461218774318695, -0.9017637372016907, 0.8929254412651062],[195.0, 155.0, 95.0, 170.0, 210.0, 65.0, 130.0, 185.0, 135.0, 250.0, 70.0, 85.0, 270.0]
りしゅうとうろく,37,りしゅうとうろしく,ら行りさ行しや行ゆあ行うた行とあ行うら行ろさ行しか行く,9,0m14.7s,38.379530916844345,44,57,0.2,1.0,[0.3285064101219177, 1.1117334365844727, 0.46708622574806213, 0.958696186542511, 0.5013589859008789, 1.3396844863891602, -0.9205924868583679, 0.7361286878585815, 1.4237303733825684],[280.0, 195.0, 270.0, 205.0, 160.0, 205.0, 130.0, 195.0, 235.0]
いまどこにいる,24,いまどこはたちにいる,あ行いま行また行とか行こは行はた行たた行ちな行にあ行いら行る,10,0m17.35s,34.582132564841494,54,68,0.46153846153846156,3.0,[0.85322505235672, -0.3586561679840088, 0.7409074306488037, -0.08559420704841614, 1.0741547346115112, 1.1253286600112915, 0.9813761115074158, 1.1871429681777954, 0.9653224349021912, 0.6562725305557251],[115.0, 210.0, 135.0, 100.0, 180.0, 140.0, 230.0, 230.0, 135.0, 270.0]
こうぎのめも,45,こうぎのはめも,か行こあ行うか行きな行のは行はま行めま行も,7,0m11.54s,36.39514731369151,61,76,0.25,1.0,[0.2801901400089264, 1.20790433883667, 1.1525827646255493, 0.34596356749534607, -0.7589564919471741, -0.9879311323165894, -0.8289927244186401],[65.0, 215.0, 155.0, 205.0, 180.0, 220.0, 185.0]
おつかれさま,21,おさつかれさま,あ行おさ行さた行つか行から行れさ行さま行ま,7,0m9.84s,42.68292682926829,68,83,0.25,1.0,[-0.4060167670249939, 0.9365335702896118, 1.4803398847579956, 0.6344709992408752, 0.7778171300888062, 0.6325362324714661, -0.2835713028907776],[30.0, 110.0, 290.0, 80.0, 345.0, 125.0, 180.0]
けんきゅうしつ,34,こけんさきゅうしつ,か行こか行けわ行んさ行さか行きや行ゆあ行うさ行した行つ,9,0m14.58s,37.03703703703704,77,93,0.36363636363636365,2.0,[-0.05163377895951271, -0.40315568447113037, -0.4779775142669678, 0.6706965565681458, 1.0673472881317139, 0.3428761959075928, 1.0635395050048828, 0.7037963271141052, 0.7890051007270813],[90.0, 140.0, 85.0, 85.0, 145.0, 270.0, 210.0, 175.0, 305.0]
きどくがつく,25,きどくがつく,か行きた行とか行くか行かた行つか行く,6,0m12.38s,29.079159935379643,83,101,0.0,0.0,[0.32905876636505127, 0.19186900556087494, 0.5073399543762207, 0.3652454614639282, 1.01539945602417, 1.0230826139450073],[155.0, 140.0, 255.0, 70.0, 330.0, 600.0]
りんじんとらぶる,39,りんじんとらぶる,ら行りわ行んさ行しわ行んた行とら行らは行ふら行る,8,0m11.81s,40.64352243861135,91,111,0.0,0.0,[0.23353224992752075, -0.34131965041160583, 0.6694254875183105, -0.4492071866989136, 0.3553321361541748, -0.10379482805728912, 0.8614473342895508, 0.4354532063007355],[175.0, 65.0, 190.0, 125.0, 160.0, 135.0, 360.0, 265.0]
おなかすいた,18,おたちなかかすいた,あ行おた行たた行ちな行なか行かか行かさ行すあ行いた行た,9,0m16.28s,33.16953316953317,100,120,0.5,3.0,[-0.11094354838132858, 0.32237112522125244, 1.1164042949676514, 0.8367504477500916, 0.4996628165245056, 0.5309417843818665, 1.134110689163208, 0.7456503510475159, 0.13653217256069183],[60.0, 245.0, 190.0, 155.0, 80.0, 50.0, 250.0, 130.0, 410.0]
おひさしぶり,20,おひさしぶり,あ行おは行ひさ行ささ行しは行ふら行り,6,0m8.52s,42.25352112676057,106,127,0.0,0.0,[-0.18912330269813538, 0.7874754071235657, 0.40581071376800537, 0.7321208715438843, 0.8362951874732971, 0.050588443875312805],[20.0, 300.0, 90.0, 195.0, 355.0, 205.0]
ていしゅつきげん,8,ていしゅつきげん,た行てあ行いさ行しや行ゆた行つか行きか行けわ行ん,8,0m11.31s,42.44031830238727,114,137,0.0,0.0,[0.04742688685655594, 0.7968310117721558, 0.7972745299339294, 0.35666459798812866, 0.7735740542411804, 0.7693495750427246, -0.3410113453865051, -0.5823712944984436],[220.0, 145.0, 180.0, 265.0, 300.0, 150.0, 155.0, 120.0]
ひるめしたべた,35,はなひるめしたべなた,は行はな行なは行ひら行るま行めさ行した行たは行へな行なた行た,10,0m18.12s,33.11258278145696,124,148,0.46153846153846156,3.0,[0.9371896982192993, 0.4908381402492523, 0.8773397207260132, 0.7076461315155029, -0.6381680369377136, 0.6917040348052979, 0.6952965259552002, -0.6476298570632935, 0.5743389129638672, 0.7036438584327698],[230.0, 175.0, 285.0, 225.0, 265.0, 200.0, 150.0, 275.0, 205.0, 130.0]
